  0.4494732747492279
  0.9667638560529722
  0.8747837806955177
  0.1965739241633356
  0.8308078747495662
   0.716985144839467
  0.6860988201754007
  0.9609706208711242
  0.5261275851136994
 0.02672492961536496
  0.4494433340414561
   0.246522733349426
  0.5152052934523707
  0.5674596176053651
   0.233084170340759
   0.942883823513157
  0.8560694989163286
  0.4488103424273294
  0.6863261605869847
  0.8501294710578697
  0.1386323307644575
  0.1218454146875165
   0.319175003474683
  0.7340564839780415
  0.4536891782341239
  0.0593904259064403
  0.4851559564485317
  0.1859917860537503
  0.0836903926270396
 0.07310015646404795
 0.03887232585569796
   0.414382723051193
  0.4851040126169107
  0.8141826107245863
  0.7553589860756659
  0.9064516031097873
    0.76194137271762
  0.6194730608263538
  0.9487129337585468
   0.552854297037181
 0.06239975278247408
   0.709425831575351
  0.5109870021285794
  0.4390655307959933
  0.4280541711185829
  0.8775042160157223
   0.365711751802805
  0.5001880776049332
 0.05583479105804038
   0.315673347777759
   0.397974197337838
  0.3048620188002402
  0.2958498119420965
  0.9219292074117843
  0.6139481983378118
  0.5429447943156583
 0.09244580389055776
  0.3010942134504797
  0.5926619191704108
  0.8966905188082627
  0.7771363407318657
   0.832353005177133
  0.8292634179343719
  0.4067245994517146
   0.538656107239598
  0.5525932974894459
  0.6003082672581033
  0.1753657279882445
  0.8931679242866172
  0.3350317111096125
   0.804067561941949
  0.8938365529294255
  0.9931794589452022
  0.3672654990925344
  0.1741943705287541
  0.9275298822524056
  0.4085744370164813
  0.2694251744289549
  0.7883202664027571
   0.756124474247127
  0.8187367036375051
  0.5197954516216289
  0.8535384381643917
   0.197967176005537
  0.4250152483384128
  0.2511236806128096
   0.764003815877868
  0.8620617031164707
 0.02639665099241385
  0.6473304846623633
  0.3760315885546236
 0.05598841878801886
  0.7166441622741959
  0.7163036268533684
  0.6358928090655158
  0.8992380812578189
  0.9797896604749574
  0.4225640720105607
  0.8719278428285907
   0.964536337272243
 0.03382976766284705
  0.7195772998802509
  0.4114748653860592
  0.4779698324358414
  0.1249647351140356
  0.3958567837139059
  0.0314177798754048
   0.913433628382361
  0.5379194243917604
  0.2035792191831844
  0.7207287285005947
  0.5914134747690498
  0.9556921624451372
 0.01986574716236648
  0.1619889419732105
  0.9339487383232448
  0.5784849463998428
  0.5628198707672599
  0.4214979657498275
   0.747138585621314
   0.771315276208731
  0.5408664564090255
  0.6056958468747258
  0.1555739116501059
  0.9287717786284178
    0.06324092060952
  0.5694331740342644
   0.326137552018571
   0.213994312720747
  0.7028374083081402
  0.7119750249583202
   0.709912362875166
  0.2612848614055167
  0.5426774359077169
  0.5454651814072093
 0.01359951701115058
  0.8792758067007184
  0.6198610062677482
   0.574412927573647
  0.4458218770933686
0.003099287720366138
  0.2014056796455359
  0.8311061901357376
  0.9791912962290411
  0.3366083113055268
   0.564360127578004
  0.6214492891463685
  0.1846068222108107
  0.6493550787250652
  0.5434917072334563
  0.9551638175755769
  0.5461816412845425
  0.1576598444434687
  0.4704768927561016
  0.1389401706141686
  0.1044008926577806
   0.163396543100101
  0.8254823068493199
  0.9593554014759614
 0.09682031070381182
  0.3350563941441811
   0.681424267100971
  0.1900837887933349
  0.1069379093669381
   0.868784340603891
 0.02214280960243173
  0.8939470882374725
  0.2212891254778787
  0.9950684611492251
  0.5558870661640151
  0.9282241160850182
  0.4557994911205192
  0.8702595094922547
  0.6904719625266964
  0.5179219384945444
   0.428246891250986
  0.1226591419126705
  0.1588970625708468
  0.9038661458198897
  0.1391408073934138
  0.9213000379801357
  0.9643200333418228
  0.2573159415473705
  0.8619267830101691
  0.3985266728233217
  0.2322382155233917
   0.445785296370346
  0.2183379532110917
  0.1180091526283547
  0.4099580683688634
  0.7215180369763264
  0.0297915570431686
  0.8771742994500871
  0.1546478467998925
  0.5682636607875828
    0.35868385580438
  0.9308536738427444
 0.04282187078214766
  0.1724864266095907
  0.9357279398503967
  0.3180079995769627
  0.6761219883174434
   0.768914428534092
  0.8115224170886404
  0.7798837752440447
  0.8276422053144844
  0.5883850442985652
  0.8870489651756994
  0.9908518973661843
  0.7103329135050213
  0.1713477713747523
 0.07654639726753222
  0.4524885196583704
  0.6866481236321792
   0.688853618770515
  0.8523737413693915
  0.6962388837923955
  0.7479723228213073
 0.05815630868925715
  0.8516682635420046
  0.2386361747886323
  0.8988762426004797
  0.5911578243855861
  0.0307565745185086
  0.1986257291182262
  0.6165441472548957
  0.5551426473846988
  0.9798838487697745
 0.05797728923771902
  0.6543735899426295
  0.8279488968481511
  0.8759485563336847
  0.1639326954112647
 0.04950852082595003
 0.08301548890885016
  0.4810039904242392
  0.6210936273499074
  0.1397839647355874
  0.1671866318857762
  0.1691301900155337
  0.9153888784304752
  0.8339483676172681
  0.8132959415937495
  0.6081645820858733
  0.4288571139276809
  0.3462595494225656
  0.9977576216994886
  0.6510569236099267
  0.7117377810250725
  0.5515003364978506
  0.6668571976199732
  0.1954962348638848
   0.133501358223118
  0.8820148905985613
  0.4890834730607369
  0.2896302026910318
  0.4239035954832413
  0.7916822009827232
  0.1933703860240675
 0.07530307943464024
   0.218631521264125
 0.05188915791855649
  0.7071965343904145
 0.07143098973317652
  0.5092584533161266
  0.8738389002230499
 0.09629805675978495
  0.3605766491475958
  0.1474199514622382
  0.7183187105809079
  0.8268122526031276
  0.7980005093748458
    0.50968346316501
  0.4806770309534021
   0.664601733721668
 0.05494655150983579
 0.02479154206684442
  0.6233161617950018
 0.03423781715850041
 0.05931657861632907
  0.3305847899193673
   0.637203235720314
   0.896708840534289
  0.1235549379447173
  0.5275849196568357
  0.6375848919383786
 0.09079525994866755
0.003941157511695331
  0.9097562300197131
  0.8265505149661661
  0.2983395960885439
  0.1292087981499834
  0.5034087106007766
  0.3147584856560601
  0.9542863502257706
 0.05471483500620744
  0.2422990508531721
  0.6223044058913531
 0.04780623020151048
  0.1856106800470237
 0.08295371589437139
  0.9113574481207932
  0.2712083563942244
  0.5985518500924349
  0.8182731539327717
  0.1345953729016028
  0.7928263324839936
  0.1842360868943343
  0.4568023908035946
  0.4029689809963177
  0.4073034679164015
  0.2186320552907503
 0.04770595189376765
  0.8210948660687176
  0.3814758240775291
 0.02941279032375094
   0.322449850463266
  0.9098021817852944
  0.9414082820939219
  0.2947636608694133
  0.2060195201876605
  0.8989007002648336
  0.7930988009635371
  0.9795208818564806
  0.1962310153383576
  0.5026227060949341
  0.8172164749196407
  0.2888627713415629
  0.6974894253174251
  0.3189952116433139
  0.1555832077581343
  0.7945876051409327
  0.7070223264191619
  0.6474177336246997
   0.492900769984205
  0.6792701927514265
 0.09804945196122149
  0.2640130335052734
  0.5639146885211714
  0.5872356900326048
  0.5608328716269851
  0.9053427390473828
  0.1658612568001431
  0.2719777916549706
   0.736156234817432
  0.3366771086482397
  0.3563754881514973
  0.6274877440049788
  0.6387158844583352
  0.9335218656092377
  0.8732195323723073
  0.6951158673788983
  0.8256574456498368
  0.6870271694633268
  0.9473978987986356
  0.9522395848887996
  0.1192453141860814
  0.2309260193896289
  0.6435511631086183
  0.1792277125707374
  0.6262312759739593
  0.3781106074332583
 0.05675053070640898
  0.2843682833491911
  0.2715989012253078
   0.755676097898634
  0.6714505290876692
  0.7541187262436848
  0.7190718894186297
  0.5825371451686381
  0.3051850508753209
  0.0265969835719903
 0.03760264809467227
  0.9184255853190025
  0.2204071077344565
  0.3067739049661357
  0.9327541362333427
  0.4573396568905355
  0.6961442912526735
  0.1006336472756841
  0.5804765642358145
   0.690694749994023
  0.9839622929049134
  0.8263544419330565
  0.6995637775010245
  0.4680242627326816
  0.4480350841798561
  0.7263519435812534
  0.8932644816949039
  0.4545810327186311
  0.9403976985958792
   0.445611170169348
  0.7392955614790293
  0.3413655191684532
     0.3655117923352
  0.8029543892650656
  0.1095667645755934
  0.6303341795214622
  0.1410707681789411
  0.7619792118826815
 0.05744670684238296
  0.2027247702001153
  0.2157653417333824
  0.3076245325228083
  0.1674601608450283
  0.4146841833605993
  0.4748314920125259
  0.1772539415538267
  0.9812879558449678
 0.04681294114818169
  0.4969745752015247
  0.6542768611322776
  0.2224229139128925
  0.5734425406670156
  0.6826640332915438
  0.4813571060076998
  0.1042528212952407
  0.9543511002367107
  0.8594111627238947
 0.05167739629986852
   0.537481076977524
 0.09476509915728019
  0.1998975599816857
  0.3376781787844729
  0.7450625718961275
  0.8022332358330331
  0.6995328908070111
  0.2869324924259395
  0.5606188243382541
  0.8023201676609987
   0.131294720354449
  0.1468883567960913
  0.5625826119460045
  0.4572704564503588
  0.9272540178556783
  0.4692406051604834
  0.1264248455965794
  0.1469237393701875
  0.9376263844837849
0.001934720476378444
  0.9491964302541415
  0.3710823590920012
0.001461396156371573
  0.1402508154813945
  0.6658342808278474
  0.6502554843195831
   0.277328831716572
  0.2333115826847165
  0.2979342586608523
  0.1543527804254594
  0.7579532944715255
  0.4404808721907975
  0.8300550942076281
  0.9469168032483298
 0.07428274140938139
  0.8481163501805551
  0.6377222043993006
  0.4196144558033295
  0.8472023305302653
   0.686122242794992
  0.5216596974024091
  0.4557082299384972
  0.9730711858250599
  0.4027482317049081
  0.3737743953410148
  0.5455121288988761
  0.3839301309365613
 0.02867870789824228
  0.3987672163587082
  0.7609741662384816
  0.9041401972101525
  0.4144791457569402
  0.1395883515014458
  0.9841322277430704
  0.4967063304438288
   0.850464584679052
  0.1004985384179606
  0.8277590581941698
  0.7061361106746764
  0.8049313789689797
  0.2820873744202314
 0.03592411891294619
  0.6733321868171204
  0.6711104834082855
  0.3091480284856175
 0.03113958106942937
  0.7158897191968205
  0.2087449918331566
  0.8209327959772834
  0.4888739675766416
  0.4503876395465659
  0.2102795421692298
  0.6872130537550019
  0.5062076379761797
  0.2019801163762363
  0.5394940430233847
  0.5685853546551528
  0.3804865555449862
  0.6102760434479038
   0.185772290752621
  0.4239380747254464
  0.6835013592769869
  0.6449258300155506
   0.560753078498446
  0.2643313496017478
  0.1659539458785441
  0.5725287281912012
  0.5452204374845873
   0.372975626638187
  0.7822783528566344
  0.4947472507187572
  0.6118809312162563
     0.6181728817996
  0.5839616597052776
  0.4622616503864234
 0.01405262090744811
  0.8326730393338254
  0.3699035035702025
    0.42310952777053
  0.9850498618573814
  0.7414971383589412
 0.04968826444987252
  0.8867823564500769
  0.4740145553566793
  0.0106912409493788
  0.3311410559435606
  0.8158533748569217
  0.1739732595100871
  0.4323517737923006
  0.7191351433054254
  0.3757538248254069
  0.4244008374723703
   0.616392877464806
  0.2395992028693184
  0.5302065744406157
  0.8666766153600268
  0.2547962913713446
   0.468125433972878
  0.9239477547195525
  0.9446524242844411
  0.8233755605106515
  0.3891903145290361
  0.4953180007317942
  0.6630389841466904
  0.8554116469384566
  0.7355371421868878
  0.8541866498000812
  0.3369746211983711
  0.7163842073397523
   0.323322607823086
 0.04910101065739383
   0.549362225545163
  0.1314259303950261
  0.8590401616993543
  0.4155582934531361
  0.2600095032006424
  0.6411528970903623
  0.8542002625402427
  0.7359919814157262
   0.466422577869302
  0.1573538943065471
  0.4353372371676623
  0.8078457976887769
  0.1765296846372702
  0.9772928562948225
 0.09120563273417656
 0.09257173454608307
  0.4137551243798277
  0.9521945575235631
  0.3003475340005531
  0.2591686131948344
  0.3466416087059258
  0.9245058040220587
  0.7512455724483965
 0.03565177580364236
  0.6320725993435181
  0.7414129273198554
 0.04417748013924033
  0.1288749085704288
  0.5183051948139411
  0.9546056679702629
 0.06986575333754934
  0.2289241051057069
  0.7001448919992038
  0.8454473969632691
  0.7447547769129629
 0.03740707539617523
  0.2425730574103293
 0.02571520819713889
  0.2578236940170025
  0.8013217061742177
  0.6045264027743854
  0.4878677622782923
  0.2557160293188169
  0.4608450414252325
  0.1119725093094558
  0.2782673466906352
  0.8917759371670949
  0.8427470340647485
  0.1369049075087629
  0.1670129821210947
  0.2743428929011407
 0.07994786673193298
  0.5733653989785543
  0.3597093750841858
  0.3164401418057755
  0.4373645006594366
  0.9506863464945171
  0.2378028222888372
  0.8903984337456001
  0.8761643105514395
  0.6850660604567469
  0.1832135861348421
  0.9645319057987344
  0.2280602743710524
  0.7475702001168385
  0.5511840592078506
  0.6988564777857723
  0.2520772386654117
0.007013195553343379
  0.4854141042238867
  0.9764409944517644
  0.5749430692510529
  0.5569919248335452
  0.1080434980600161
  0.3263623801315105
  0.7636392315015587
  0.7474938735557106
  0.1364483136591615
  0.5691841488418068
 0.03195874147765947
  0.2957505996765771
  0.6038553918959564
  0.3603522786204781
 0.03577366123301788
   0.565003235992483
  0.9280794210279401
  0.4613638930637756
  0.8242762022310255
  0.2660144796544368
  0.4947186241465429
  0.5273398965194894
  0.7441219268248636
  0.7151402782783441
  0.5347833535614196
  0.6982958975275794
  0.6095849021878428
  0.5898393572719184
  0.3708627295596191
  0.3233817687142242
 0.08674101893003691
   0.460455548502797
  0.6568665103575078
   0.790665623594462
  0.5760288455047398
  0.7413216020770355
  0.9886461722388253
  0.2060464464738164
  0.9070445520690454
  0.2612169795571949
  0.5906571203052792
 0.06626709784921876
  0.3668621558013492
  0.0502447739395726
  0.5260360206895038
  0.1581718115167446
  0.3715227538670475
  0.2708257069789071
  0.3138243353502713
  0.6308585788110941
  0.2528760226303152
  0.8807851091946436
  0.8532495554429462
 0.02390397341888942
  0.3758267053139176
 0.08219000700521394
  0.2033208278080425
  0.1876070649225055
  0.6457345910967253
  0.5785052760792951
  0.8269618021712424
  0.1392867025537254
    0.26382574866062
  0.4269814827513644
  0.4513605237546036
  0.8019564312853639
  0.6225086708168018
  0.4418646884093477
  0.2258155744948468
  0.4363083352423072
  0.2418808487645571
  0.6593308496181665
  0.7767951395213576
  0.3025206350940904
 0.06326710442324322
  0.5933151109655688
  0.5139961983380701
  0.9647566224126827
  0.6374486452121071
   0.240650235445639
  0.1135964335497436
  0.8409320249727411
 0.07209202414945411
 0.09557747551399515
 0.03125346751266075
  0.4572176160728045
  0.5886671270122003
  0.7468086713097671
  0.7910792145499473
  0.7295189756099951
  0.5325675283363648
  0.7825648287345086
  0.6744241389723485
  0.4936997728916145
  0.5118890019571883
  0.3807884988251107
  0.5566715539179291
  0.5138142989653906
 0.07238628361695902
  0.1392472422908338
  0.1117284768637957
  0.8654748884251328
  0.9536935242910155
  0.3188876669057377
 0.09631689328044996
  0.2285629955309761
  0.4306429404554784
 0.06276652695876932
  0.7267031916615575
  0.5772877379353844
  0.7949328429121518
  0.2923770604274708
  0.7457111444207739
 0.09320118078965778
  0.6494217616974461
  0.6048245208378408
  0.9917778647266633
  0.0071333040560237
  0.5268765912321659
 0.08194186928334081
  0.5777551952200511
  0.1563289262436923
  0.7298106087618855
  0.8404656004488547
  0.4408952807530328
  0.6025627621964248
  0.6310120032943142
  0.3105712817883197
 0.02808492972005378
  0.5997174197087236
  0.6071478064135543
   0.640108839395692
  0.6483856635933979
   0.170542223804745
  0.6600042690204377
  0.5270248459525828
  0.5442445943080838
  0.1549583491014293
  0.0283576514295658
  0.8733522973744606
 0.04139706347336616
   0.343308830962232
  0.4799593204125865
  0.6111661298626622
   0.869044707431799
  0.7632670781282503
  0.8546285718719981
  0.2381886225952208
  0.6266387634604274
  0.8123686446989795
  0.9192139619153822
  0.7126844335800651
   0.980375953091444
  0.6719491606042831
  0.8176691873554733
  0.4911760738688855
  0.5372808575335588
  0.3392351819744494
  0.7559000760800562
  0.6760741988005441
   0.161459014006282
 0.08979747616395409
 0.06530862154602135
  0.1142359071643192
  0.5945911306639828
 0.03777785749528954
  0.2521978546783981
  0.8778494499417517
  0.4602588611516047
  0.6609728823183634
  0.6559779370346878
  0.6656613757471741
   0.917734190750515
 0.09442845839611239
  0.4332830751749751
  0.9883510500879917
  0.6347272626268219
  0.3547132573052714
  0.2849206702162306
  0.6268339845720523
 0.04208318833264418
   0.469099239600086
  0.2125246823695192
   0.948715743962712
  0.9296562676434423
  0.8380990518792352
  0.2805816258424302
  0.4973460835871569
  0.4161112958028512
  0.7109949896221498
  0.2282476649874567
  0.9112357662992091
  0.6531416015311258
  0.5612063930223726
   0.850194196116917
   0.459099980803642
  0.7655289892793132
  0.7352678857659043
  0.9686398215677985
  0.4035109469321787
  0.2711950931742196
 0.04677440921418431
    0.28272255499833
  0.5895246510516232
  0.7298498593501156
  0.7320976892890024
  0.1888326756629846
   0.372158052610543
  0.3655899757011332
  0.8953323931660825
 0.02460609820924685
  0.2341370132135525
  0.7070541224802187
  0.9604844098596922
  0.7436636964526603
  0.4979827485716357
  0.9543296791841063
  0.6998267774833743
  0.6483494035990376
  0.1956425219144684
  0.1440983192645883
  0.5494690066240253
  0.1649619322992827
  0.4232402689777414
   0.151876361940521
  0.5023796368013709
  0.9294462932708828
  0.5900637295389666
  0.2824412578370555
  0.1437122480959242
  0.9127934272844682
  0.8506819085646282
 0.07167072369503998
  0.5512385161822593
  0.3546389895876627
 0.09584662334634271
  0.8677969081869793
  0.5283242421866795
   0.359861606664277
  0.4762171193506693
  0.4114886474143509
  0.9320069696985751
  0.4053904837824633
  0.1605889990492779
  0.3512118942674263
  0.3370221917368272
    0.17810756538913
  0.1987708410443442
  0.7195659301398848
  0.5882501489026472
  0.1227712269133318
  0.2681588827018754
  0.4633959995900948
  0.8577574742436781
  0.6866833124767462
  0.2791694455376001
    0.30745132482814
  0.8146471274840166
  0.6787330545415623
  0.4499235709899377
  0.1046265783425696
  0.6910073807893127
  0.6531095873195381
  0.7721517986824571
  0.3552432088651276
  0.6602355616448786
  0.8168360399118747
  0.6502655120285522
 0.07594596404196925
  0.3426810255306051
 0.07671559583474683
  0.9111366018253768
  0.2009838418283277
 0.07908543013934909
  0.2246592171065462
   0.381153702463938
  0.8180972455805827
  0.5417362763059976
 0.06525829052772961
  0.7966220298323518
  0.4582206226844268
 0.04169005219045876
  0.4230305114110936
  0.6470169823461337
  0.8311487515898925
  0.1180573505745984
    0.35434972523236
  0.8448231215241593
 0.09175380352209307
  0.5084018429451926
 0.08571774283239837
   0.931595055531059
  0.2799278679644027
  0.2187122897975493
    0.26927530895358
  0.9506964242690562
  0.2759156670522751
  0.8602607924212571
  0.9736018239420076
  0.3812671525513763
  0.1591229246885028
  0.5207375242880539
   0.775499059131896
  0.7905111131126225
  0.5501972490493422
  0.7477472695994019
  0.8751815952246207
   0.339433786379165
  0.1724748484730743
  0.9469542930384617
  0.7199646908209946
  0.3979553428283213
  0.7279038822566796
  0.9511727452995057
  0.7342177409638453
 0.04015510191684921
  0.1194567761892581
  0.7049206542797728
  0.6437234093478187
   0.031377186116086
  0.2246482325407495
  0.7814184377705286
  0.3069451777629281
  0.2612274832804223
  0.3307664935854393
 0.02947703714836142
  0.9368439296398263
  0.8177240498974434
  0.7638131615134786
   0.697197833830822
  0.1535549783891928
  0.6661595684614239
   0.408156812565327
   0.993219945054344
  0.8661972782315928
  0.3991714908078223
 0.03572074898625351
  0.6638945300948336
  0.2918149804906014
 0.02348700033999954
  0.3580565899821427
  0.8951028888146997
  0.4433461520987157
   0.215535608203852
  0.8160354011248848
  0.4084615846723071
  0.1936072302142651
  0.6506960135164567
  0.5739565247531576
  0.7991555426445477
  0.7239547431549632
  0.5001732564098692
  0.4585311000960929
  0.6813022699221545
 0.08760585883413019
  0.0460206949654242
  0.5226348652550322
  0.1142259019238581
  0.1366803954488777
   0.652217850665085
   0.526375848590208
  0.8344062385220958
  0.4475683076652869
    0.84876213831764
 0.05416644914676445
  0.5705674637189413
  0.5152714603294711
    0.16349095136795
  0.3732173266408461
 0.06462248866764141
  0.7508312462430974
 0.04108573901423398
   0.605271911444541
  0.7751901279051545
  0.3751100905939672
  0.7451974508370962
  0.5233856824899944
  0.6701752990102164
   0.322699797492545
  0.6573970572388816
  0.5669332498529786
  0.1610395912952471
   0.971840415324736
  0.4055694545595939
  0.7745344372630963
  0.7817708398901492
  0.2751746794839378
   0.468276153803173
   0.759945943319611
  0.5228656507627989
 0.07937548767419318
  0.7240579350185001
 0.09716204264523783
  0.8530553300520395
  0.6512122563588275
  0.7451177386687653
  0.6799479304475338
   0.261455526516557
  0.5618651669139417
  0.3878652349261463
  0.7367559585986442
   0.937727013831265
  0.2844111962975102
  0.0249837911792839
  0.5400946163846638
  0.6346598867261187
 0.06008544318575557
  0.4665616966803232
  0.4503524911847325
  0.3459422386719522
  0.5897759308466196
  0.7440733455081315
  0.6574222629011619
  0.8468024965148878
  0.8216740724489708
  0.3412297122901835
   0.178684459311066
   0.591952459366617
  0.2921482375200045
  0.4883423269675421
  0.8731546275797313
  0.7681949400557383
 0.05027543359768453
  0.6133365691180562
   0.365798690012108
  0.7470413287908185
 0.05003238726466438
  0.7777514906137977
  0.4155835072802802
  0.7424832327811147
  0.7950661050749723
  0.3402951470410461
  0.6561211225748186
  0.1009923768105418
  0.4817867166471135
  0.4183071282733549
  0.3098431389092909
  0.3920443815372887
  0.8035689744398953
  0.3421555881296819
 0.01716989153583757
  0.7610168579427585
  0.1575556115011601
  0.3424394332498489
  0.5509351428317389
  0.9172469063830305
  0.5139934532440876
   0.408354832182253
  0.2081261993476689
    0.79128529242399
  0.1713463900059189
 0.04891651285470311
 0.06017450065027714
  0.8707143541566229
  0.1309894757624402
  0.8692030738315537
  0.6231134987322182
   0.829820800936532
  0.8573551327713201
  0.5231876423143518
  0.2135188669703035
  0.7320440318699164
  0.5413639383823752
  0.9457432253380871
  0.6920515976854604
  0.7337745673171413
  0.9938787307913367
  0.5857054811688481
  0.2310174432624129
  0.1277734297759812
 0.06236155890189227
  0.2515991959326533
  0.6399162737375205
  0.9109268243167185
   0.860290667939103
 0.03392834612887979
  0.5705404778565738
   0.329815311681833
  0.8558213889683335
 0.05839047555563184
  0.2000803776950644
  0.4470100439886851
  0.9501204347681111
  0.7515283376576873
  0.3274592794905176
  0.5341008081200778
  0.6792598596582576
 0.07265858991206012
  0.5871808393865315
  0.1049678566171538
  0.8529897761370611
 0.05272367312216888
  0.3237129348845018
    0.84135789753683
  0.7606519279308034
  0.4312967154949818
  0.3185562050811704
  0.6167390254818942
  0.4654171296560544
  0.5464100427484375
  0.3421660645686312
  0.8737023686936607
 0.03247452964149668
  0.3866736513786732
  0.8207149240081902
  0.1078353839620637
  0.6966769725272685
  0.9159423111723236
  0.1173752928927118
  0.3619268987038324
  0.1886324757898237
  0.5942989010823284
 0.07430018028048846
 0.04892265431172446
  0.6013466961850001
 0.01689253264911395
  0.1260816113740771
  0.5914381517647905
  0.2177578909654137
  0.5637071977786383
   0.146213939406617
  0.7978561560596279
  0.6642000057205385
  0.2163504461422678
  0.7221793368514605
   0.620246466551034
  0.1642618189739764
  0.4835515520641507
  0.4520641246959765
  0.3518453233633898
  0.6759395146074296
  0.7305869017438044
  0.1069946142590943
 0.06003074845606039
 0.05122227744010776
  0.7977879490740939
   0.763608920181327
  0.2385883472540565
  0.5858259122271341
 0.01509575520873058
  0.9630212788217281
  0.4478305637654269
  0.5372331493111452
  0.4592143089717236
 0.08380381061125856
  0.7724923957041585
  0.2099705809086621
 0.08965355258563554
  0.5886066507925326
  0.9261402730363605
  0.9640424658491202
  0.7650669804529491
  0.9308522369746219
 0.09224287517822233
  0.3722874286370608
  0.3113810386998722
  0.4924710414349536
 0.03853627799793007
  0.0957191289894395
   0.813007889476641
  0.2751457633118103
  0.2142731784248503
  0.5859012108177575
  0.2416092325418512
  0.1875580767040047
  0.1779885948188539
  0.7264719392263838
   0.346132051285906
  0.8265830364930558
  0.5998570660512499
  0.8624475575843179
  0.8792755164898991
  0.5126843571338882
  0.1437468046251241
  0.3181007396763626
  0.4820929295204496
  0.5204432850776339
  0.3724972039394507
  0.0391854539850522
  0.8639303799516851
 0.07844493374238153
  0.2572711884272864
  0.7373272822048242
  0.2676211498883535
  0.4445600673125545
  0.7591591968928173
 0.05540229820259961
 0.04823210157340138
   0.469160474603371
  0.6341889938295539
  0.7377995944906146
   0.329831104999366
  0.1054174955120885
  0.4459614595140227
  0.9779786895095179
 0.05771528847223471
  0.3222225735327801
 0.09955841464472627
  0.6320650891656434
   0.143336610148677
  0.2507582605772396
  0.7301950093434553
  0.4962139104541336
 0.09974523555360768
   0.438696582521989
  0.7606638685994299
  0.4119888000156516
  0.8755534129365029
   0.079945429504375
  0.7244514641245354
  0.7578155120965052
  0.9873331818238712
   0.758128178892602
  0.9236254192085338
  0.2137186818423183
  0.2366748686261306
  0.2068230055784467
  0.3598939623218151
  0.6408761471934947
  0.8682564510827813
  0.6680770407050038
  0.7194317348662689
  0.4661977052558859
 0.08465475458496019
  0.6241590491565637
  0.9047649657004304
   0.809623893776113
  0.2583574103765977
  0.2536764947280237
  0.4439115032512436
  0.1413786865489402
  0.9760209922025996
  0.3339452793103915
  0.3994629806321901
  0.6959405402857235
   0.484495259254942
  0.7836720237349706
    0.10744865688927
  0.1825670429948029
  0.1725986308777506
  0.7212149268513948
  0.9798571530034091
 0.02895338337339707
  0.1535653033475134
 0.05417117194368287
  0.5943709600999755
  0.7906283573784044
  0.8267321523500758
  0.3349350443894806
  0.9361862556200206
  0.7627615777647395
0.006324339078902828
  0.6623280792856854
  0.4240743109203033
  0.3201756502500329
  0.9900797557127619
  0.4207123070355583
   0.704488792676811
  0.9529823805293487
  0.1350637728250047
  0.1970660825416598
 0.07908575964502067
  0.1480647705565468
  0.4870772880780692
  0.4003425633158834
  0.4556215688172111
  0.5798813278932522
  0.4289024056501217
 0.03559425935770762
 0.04212237465369365
  0.2925688324352148
  0.5082888801382669
  0.1394495260970915
 0.02085431503138354
  0.1286391676466813
  0.8283912970371873
  0.8926273656605437
  0.5529815559828675
  0.9940572304789613
  0.3384708346846458
  0.9065251813892257
  0.5630850413983114
  0.2051484138644453
 0.06462282677398608
   0.674743406297541
  0.7058252302595175
 0.09205243618404943
  0.3575980076010372
  0.1472213800695839
  0.9676290462666715
  0.7693963369416773
  0.6489235942508418
  0.9814082871843806
  0.4730479729056842
  0.4539170951479549
  0.9777199327321828
 0.06986164267512618
  0.5310159745465071
  0.2591807441440863
  0.5960870843106515
   0.921997147001773
  0.2846975046522494
  0.9490835864153769
  0.7879630605316274
  0.8381737358693419
  0.6996088142922246
  0.9037914538517975
  0.7314445363065685
  0.6636207069675965
  0.3899419840299877
  0.7990047935054171
  0.6061258879500654
  0.4156557633510046
  0.2174591499738484
  0.0257005596243523
  0.5540573294041052
  0.2140041419820291
  0.2858032042235185
  0.6426952716001789
  0.5859528096499505
  0.8085732434466758
  0.1376824548803757
  0.6494093864563377
  0.6482798255837239
  0.3767259878677727
  0.2067814751519272
  0.6551180115285239
  0.2904456955461173
  0.8787629846113864
  0.3455288298210737
  0.4640637353167794
  0.6062157363292599
  0.3662879192452938
  0.2242287837895405
  0.5664303801289915
 0.02792606055722918
  0.4538800310910058
  0.1770777797542601
  0.3365678524282476
  0.9401932230451123
  0.7358247257142415
  0.5656546726258024
  0.8553337096920588
  0.2116435937497982
   0.752907217057136
  0.6477625414051055
  0.5830290245122258
  0.3106942491397768
  0.4182188164833902
  0.8144873065594848
  0.9939375804904643
   0.567516255607381
   0.578164203846806
  0.7698294466273842
0.003438590288470908
  0.5115482209086798
  0.7546622917446028
  0.5239005301866375
   0.112214793105026
  0.8809534098218598
  0.7656219168380536
  0.7720520183423133
  0.8190648445077075
  0.4171148683455073
 0.08512414632926793
  0.9936298211049753
  0.1356915259919334
  0.3974581475636065
   0.735121271519448
   0.337630940009009
  0.6992466340713117
  0.4832305215811524
  0.3275759806784303
   0.837679872992825
  0.3345228380039781
   0.390650541548208
 0.08610762299325789
   0.201988908169854
  0.8261308349808192
  0.4307296735787848
  0.3044973122884701
  0.4811602603398159
  0.9918769601745612
 0.06433357964925705
  0.6420155204523611
  0.1555971151058053
   0.443770958587209
  0.1216498128161374
  0.4599157754351118
  0.3680055409479585
  0.9587274242545245
  0.4060507427564298
  0.3253176419889615
  0.3487549244897981
 0.02814633787485285
  0.3062264307500605
  0.2499476636183645
  0.6233434342788884
  0.2096258160546844
  0.9626535521497658
  0.6431197273606026
  0.4758495854406077
 0.07226602896403962
   0.465970744373346
  0.8700467128327322
   0.569750649511467
  0.2180234910924648
  0.5973557129502135
  0.9995739827932185
  0.7959976693731972
  0.1073057980871816
  0.8036603193472776
  0.3559293836794342
  0.6479851264240025
  0.6649661798225339
  0.2028073060273886
  0.9407721803066197
  0.6923988260076397
  0.2571385481900965
  0.4141579634338848
  0.5380634995205622
  0.5234928718895615
  0.3236862975512161
  0.4595129871531444
  0.0282718377212994
  0.2158366891190211
  0.4764387940422859
  0.2425538285162598
  0.2801124098066012
  0.1104519312032241
  0.4404759739669534
  0.2792388485487722
  0.2892540191039915
  0.8203524947630538
  0.7523801446962195
  0.6208224805496881
  0.3121235366158717
  0.6296506267251772
  0.7039835179969531
  0.5090509772222664
  0.5108248130410895
  0.1655537924116011
  0.5952736623122656
  0.1729152469775556
  0.3016337103977919
    0.63774182895892
  0.9196743596552407
  0.7750474709961849
  0.6606476261731733
  0.4125329636858317
  0.8877024827473599
  0.9670345354894221
  0.9976217901042634
  0.2618942991106597
  0.3995470040403906
  0.6502762745702222
   0.807576468719849
 0.06774929084268905
  0.1108011470999576
   0.291354481429884
  0.8604284464919638
  0.3666002537602837
  0.5823263601394138
  0.2320482114790061
  0.8629629046126044
 0.02353008042076437
 0.06466188689513656
  0.3686475248668665
  0.7018957435117177
  0.6013413409101839
  0.6863304586322174
  0.8485736496739926
  0.0636382105370801
  0.2319402982088459
  0.7122569180281384
  0.7715764507710325
  0.8882183635611584
  0.2067468333005721
 0.01888638487350233
  0.8518706880029113
  0.2210747702025925
 0.02025813482087027
  0.6181182733555585
   0.630634748124999
  0.5239536546602871
  0.5385192741676311
  0.2638821025676522
   0.483085703135906
  0.6994877196830772
  0.9677371628084591
  0.4364326799522592
  0.4330348546283869
  0.9115690765415849
  0.6589995313343857
  0.8481086562438603
  0.9746029086616562
  0.5868500649760921
  0.1801000507794317
   0.995823535805889
  0.5102805253786117
  0.7000849824292236
  0.5680235192298757
  0.5436203833566348
  0.9663036696772821
 0.04509906329571014
  0.1796761632701377
  0.6503509577682035
  0.9111083286550737
  0.1093952254686463
 0.02417111049074528
  0.5899104390265584
  0.9771657372283505
 0.02368005707296987
  0.7828620233169883
  0.8368015290809545
  0.2791318527432379
  0.5266250779258587
  0.8603207980564239
  0.9486220661123795
  0.5498690951592102
  0.9004629536130517
  0.2580822199408844
  0.2852865728644191
  0.4570558058571217
    0.76986246331838
 0.05711581946857448
  0.4057907540154729
  0.6254542482144045
  0.8057632396303175
  0.6671204498020309
  0.2759549393552874
  0.6339162771519674
  0.3157658569227734
  0.8468509564934251
  0.7782141783118746
  0.4092046123497806
  0.1491727979772024
 0.04720175772615483
  0.8249468360831328
  0.8574377898172441
   0.577133891386058
  0.7717140666511522
  0.5100432818847496
  0.9953938144814836
   0.703149060028795
  0.6681721532767304
  0.3392877960057193
  0.6975679058804375
  0.2665778028730179
  0.1071932336877585
  0.5591379355136887
  0.5530557144290613
  0.6028646757725925
  0.7749978752026971
  0.8101290750876146
  0.1222960459098903
  0.7375748015944413
  0.7109242522060804
 0.07587827052103853
  0.2024963369874747
  0.8062518705718477
  0.2733793166680283
   0.284883610066436
 0.01237830047493265
  0.6023642126725856
  0.9673058911416775
   0.286859086756555
  0.9660081069997889
 0.01742376717083405
  0.2450524403641104
  0.7211382314155893
  0.6173257037376423
  0.1824170693145443
  0.1165812731011519
    0.83337875946727
  0.1289739177444199
  0.7729568986275116
  0.2159297104063743
 0.09747559900271964
  0.4559139171158067
  0.8347384541547573
 0.02109453268029931
  0.1735153618707477
  0.8203586695825794
  0.0722762670087666
    0.89840425373836
   0.210520409826631
  0.4447598486745405
  0.4359443992126025
  0.2076540401462895
  0.4833684087226057
  0.4360680846599177
 0.06201722043369215
  0.1046582931453355
 0.09033953850235135
  0.9139048387235593
  0.5425206034537886
  0.7560284932443545
  0.9018184284357668
   0.445911688815876
  0.5958787025367468
  0.9404397216022232
  0.3296560540691252
  0.7751042828313068
  0.7338985129142557
  0.6277245026977542
  0.5462654224643554
  0.6983243739795028
  0.2390518878186272
  0.9813487180358402
  0.7371750310153448
  0.3008982572716965
 0.01660820177741185
  0.3185825922105708
  0.7205265552711618
  0.2562264064510929
  0.7530728968410158
   0.879244376574117
  0.7217926181003933
  0.2772595480551413
  0.2363012214353898
  0.1669703868182046
  0.4904722360106881
  0.6654608488575593
  0.1196955749582637
   0.721144110432665
  0.3303599022918522
  0.7848502745545531
  0.5335932569487876
  0.3087323132983155
  0.2300756991161829
 0.02944193715850121
  0.1058891583904791
  0.9041234362227433
  0.2970108221681041
  0.8125031201352829
  0.7557033224961397
  0.9268849664125933
  0.6667134687388403
  0.2641523255618321
  0.7547452622360431
  0.3899614967124312
  0.4635360574675184
  0.7100617865947535
  0.1635315321165797
0.006132622250140041
  0.9656578390408386
  0.1417526806335152
  0.4134902825282729
  0.2940806350462848
 0.01124205278661627
  0.8940758598260656
  0.1442545791034742
  0.5587576153357119
  0.3143320956142441
 0.05523758473611841
  0.1920790455015597
   0.256159799452561
  0.6487534648437702
  0.2643658874188291
  0.6218749343349154
  0.4461554672215112
  0.7863548647582986
  0.5655707875529986
  0.9549929169444588
  0.8749069487450681
  0.5302896842393496
  0.5958932493079351
  0.2126422144433761
  0.8526990063270047
  0.9151926944113796
  0.2495482592102141
  0.4428012548087367
  0.4840039602712885
  0.8123149004432032
  0.8346409758573803
  0.8249202731408342
   0.539711796472536
    0.75924068383426
  0.8853512550485883
  0.5674917960960746
  0.5662427138927582
  0.1726805412001837
  0.8821947083713048
  0.3063502458976998
  0.4986139644300163
  0.6629333905112456
 0.04494787670809906
  0.8764089919005024
  0.3617148528599939
  0.7377468001533742
   0.550072864143704
 0.03671816113095964
  0.9222571509716228
  0.5064581352429138
  0.1319392681999065
  0.2343738797657411
  0.2272770191941614
  0.9265105795195127
  0.9838204297706654
  0.1882730413282956
  0.6969850674160204
  0.6947791037660206
 0.01771101468194078
   0.862966886218464
 0.07995787828615063
  0.3045817127259193
  0.8926507380313061
  0.8741930821691041
  0.8488617406218021
  0.1822057355115617
  0.2874744609545479
  0.9403983779658981
  0.6079469219233823
   0.202182915880204
  0.9162976054515067
  0.8066659423469239
 0.09531818694227449
  0.3224839650218889
  0.1408365606344432
 0.05593723175120916
  0.8810660520544319
  0.3243209402151563
  0.3751406460394827
  0.6608015242204766
  0.1613947161921535
  0.4691341199873382
  0.8443423788072864
  0.3650562252919807
  0.3435322793293539
  0.7643472574639361
  0.8030869257356141
  0.4934440194547852
   0.148454761441555
  0.7217183341125322
  0.1909545870662555
 0.04046122507039087
  0.2926716393508183
 0.03611605129209126
  0.4771724767215267
  0.7800588617475579
  0.5028829476283008
  0.1444670308360314
  0.7228072790706179
  0.2138677185967802
  0.5772512132299441
  0.4353325189405107
  0.6547154285712281
  0.6466086451047428
  0.6758984689930812
  0.8306639916253176
 0.08938710439384781
  0.5654365634042083
  0.4507342574380627
  0.8182792893222832
  0.5584256452273795
  0.6691423232754487
  0.9754478595493673
  0.6462417252615409
  0.9968128221226833
  0.3681014578024761
  0.6066427935143781
 0.09859079916552371
  0.7598668191861412
  0.2036395763597514
 0.03876135184007469
  0.1133095934460131
  0.9527671274937808
  0.8868293273353203
0.005924816354114545
  0.7741946044151481
  0.4740462441604356
  0.3459150074222529
  0.4868293585202443
  0.6762803333911042
  0.2151920781131885
  0.7066411179880653
  0.2827409246919997
  0.8170390143562041
  0.2394419231721954
  0.2364276596265864
  0.8673300939987514
 0.09733757772832967
  0.7498865089322367
  0.2274674429487783
  0.5856404129124401
 0.09582432247666492
  0.9201109631465346
  0.5335820333160963
  0.5560053237431296
  0.5290301882555198
  0.6613819305636715
  0.4333567175434444
  0.9469433876244912
  0.2090563590285622
  0.9933986065817356
   0.139991842792819
  0.4584552053388321
  0.2959368846284181
  0.1824234038262911
  0.1907521427892744
  0.8219348815550628
 0.03533623422923779
  0.6915317347404244
  0.6809072199795796
  0.1462059578833247
  0.5354119764193807
   0.595113649583538
  0.7028590712554975
   0.178314566376182
  0.3389406026041883
  0.7392856328876934
  0.3256973830826651
  0.5242603423867744
  0.2252605142372499
  0.4493201199204591
  0.2657036184789046
  0.5792999253194819
   0.570386734505121
  0.7731699412763251
  0.3089822245971979
  0.4238220117777006
  0.7257943123147375
  0.9943017264345589
   0.298799076724079
  0.3905578237856537
  0.6016947510653035
  0.3441416274626769
 0.09877421924448701
  0.9311874189310754
  0.5531671264087561
  0.1468237910566833
  0.9557178710466769
  0.4418934194963188
  0.3241295033389337
  0.6257791062379071
  0.2841327159431815
  0.7475889996690358
  0.3944373625292252
  0.5453250787443383
  0.1139634899434535
  0.6346943561939429
  0.7288438506489152
  0.4571407574116389
  0.4514168681543692
  0.9820706573431406
  0.7648422633151013
  0.2811711730738455
  0.3376303863619394
  0.2233590144967535
   0.988693845135261
  0.4907742623763111
  0.7335692406929564
 0.05149007189239001
   0.896597495318881
  0.6032420808915254
  0.7187454083377417
  0.5729363183672294
  0.1567506763014114
  0.5033643899020492
  0.2947145736394319
  0.8816080262866476
  0.9842005920945031
  0.8859235763425655
  0.5093920487598278
  0.6471561869279885
  0.2615026739124169
  0.7736062956173053
  0.5281657044267658
  0.3651065302358991
  0.3131336697860935
  0.2726034592657588
  0.8983993787347877
  0.4946741875245679
  0.1902770538556456
  0.9811169076459625
  0.1776941464687441
  0.5579526795086364
  0.2989103682987503
  0.1983541289550487
 0.03271935242491947
  0.4642985502016699
  0.7207318593176064
  0.7411393094121971
  0.1600782183806561
   0.126249563061244
  0.7150480687056845
  0.6136358769477869
  0.4598196904109505
   0.515222368399259
  0.5214384473218964
  0.6858741113532014
  0.7183373682182837
 0.04638868476601338
  0.8567507038217918
  0.4229970021614956
 0.03996942673326539
  0.9967277325543533
  0.1862033879116206
  0.7487255370242875
0.009660689773484967
  0.7371417145152238
  0.9668307833928529
  0.6239685971455945
  0.8695229265613576
 0.08440756184992992
  0.6320541468340256
  0.6848175894746644
  0.2320888868854221
  0.9079329427614541
  0.7490541575127191
 0.04468401122965036
  0.7059393453039868
  0.8135306665183718
  0.4218590877397488
  0.4437855727184728
  0.7928587787909244
 0.07673687523023143
  0.5050844071439649
  0.9655363323724475
  0.2913376920574343
  0.6263752950119785
  0.4416959493015646
  0.5406898743823593
  0.5864248783827927
  0.1900352166020976
  0.1234827579204076
  0.3243049110788974
 0.06266530762507618
  0.9369481245827167
 0.08127763200959019
  0.1509035693228938
  0.5052013637978294
  0.6014364391503829
  0.6316143304503328
 0.05797031870304673
  0.1510518418916469
  0.4962063066428986
 0.01654524750385465
  0.4258884524516102
  0.1756603017327653
  0.1185564844703813
  0.7506507460806111
  0.7416067571527758
  0.3414284865941445
  0.3713550896866225
  0.9923182103954858
  0.9847329898300068
  0.4198793078122017
  0.7413015718539375
  0.6346800218158628
  0.7839749511581133
  0.2810355498151853
  0.9919191226804498
  0.6163695637317727
  0.6871798995604274
  0.8901739846809791
  0.6559296441398433
  0.2951762603237303
  0.6972257921450445
  0.4904238653931869
  0.7759419322737819
   0.519555842426316
  0.6093064460385439
  0.3310283656278366
  0.1904181270963084
  0.4433252647012002
  0.2546997870786638
   0.711475073620508
  0.6826976432818648
  0.5436274222275653
  0.2184647111170806
   0.498421749316142
   0.864292441253389
  0.4441834562831572
  0.9790377008654839
  0.1690243482240213
  0.7453837785967297
  0.3237282743011785
  0.3626590723168547
   0.953776153601508
  0.1218108789503775
  0.4803328982348175
  0.7157379491850666
   0.303071818233314
  0.7923525903145691
  0.8402959633234318
  0.5738826940932398
  0.4274563013391464
   0.988386806813787
  0.1011888992626379
  0.4404028421425142
  0.6581237420855232
  0.7487410088448495
  0.9555483377663319
  0.8467547300822105
  0.3844005304062947
  0.7806096621683073
  0.2763209467972622
 0.08069108891815023
  0.8028678828518585
  0.1847277809872826
  0.8487387849574659
  0.6985350708117291
  0.2867792221143561
   0.383166091234477
  0.8076966685507849
   0.382848459244763
  0.1227537711765708
  0.1845250926621971
  0.9485528089621657
  0.7712101355059304
 0.02268898083314114
   0.872285079357192
  0.5047732908610714
   0.673179855226565
  0.2267964690077693
  0.7114095817462783
  0.9480637453368253
  0.3501815212408525
  0.6352679419568286
   0.769840742044191
   0.958789505984663
  0.2627768546716144
 0.04055627889142761
  0.6261671485592981
  0.6954626772044215
  0.5687946515854013
  0.2017161296540284
  0.6565289549185618
  0.7834245199825838
 0.04243993408326728
  0.6207775370567019
  0.3288239227351282
  0.5102192230097702
  0.8759835938731135
  0.4899664224754113
 0.05585733954169295
  0.3821070463026665
  0.7974746107691718
   0.102180843040283
  0.8293969207845453
  0.3050301912999812
 0.03081817137517559
     0.7761136043497
  0.2488509888080364
  0.6994284088788166
  0.1851111925664956
  0.2759373864093123
  0.9617437409906291
  0.3221626720404916
   0.837862613588663
  0.5161335135621837
  0.1199021501735819
  0.3677023212908791
  0.3706204168180016
  0.7202390074139538
  0.3422529404879676
  0.5558566484018022
  0.5953483519136114
  0.3677855284387009
  0.8003217959831871
  0.8154854691819989
  0.1972511217885273
  0.4606258392246463
  0.5353473796397542
  0.7610676513041625
  0.6847070518352328
   0.394831826918519
   0.261584407887257
   0.844083931948669
  0.2369714810928981
  0.2014970217974856
  0.7070135180897846
  0.5941994502983691
  0.9527424016644791
  0.3774844021324081
   0.900562615875358
  0.7047531034016945
   0.432829361756726
 0.08028941913335694
 0.06667769986258181
  0.3301609677470513
  0.7192031082981095
 0.02604294291153673
  0.4852572536374666
  0.4957763038294398
  0.8177903045139937
  0.7223015955791963
  0.1582449692596333
  0.8358628734815298
   0.900990344708563
   0.369209209455178
  0.7086222644241185
  0.3011068346561058
  0.5546974572457086
  0.9190731876522915
  0.1217752309737824
  0.3938049117894871
  0.9453913275159626
  0.1332229895082766
  0.7668328628844492
   0.604261197419976
  0.1582588240115335
  0.5390884492199674
 0.03056150613294395
 0.08019922707924523
  0.2269850586266768
  0.4706268275400705
   0.598054715046772
  0.5350633441741691
  0.4306121385425659
  0.2196967115012215
   0.226820596066051
  0.9140405481548095
  0.3958044850968707
  0.1031039591654434
  0.4625060989406585
  0.6501792393104613
  0.7007512731030777
 0.08849810044843487
  0.6238912004581397
  0.1914597806769622
  0.8407925847929191
  0.3479108145102362
  0.6381391585195431
  0.3076939927910234
  0.5925500170143111
  0.6731168157647385
  0.2987060539440883
  0.4398584615144586
 0.02050717433712422
   0.644552138901368
  0.1224530583181343
  0.5802992207515056
  0.5288745956546752
  0.5620196374794335
  0.8800612797641679
  0.3933947210392269
  0.2445872748017167
  0.3412998553889159
  0.4386655252740996
  0.6803445174401993
  0.4943414888398667
  0.6421214730940046
  0.9781143518379476
  0.5805068244302143
  0.5047227953466575
  0.5543303375608633
  0.7996674239840458
 0.08583242065471085
  0.7935579130222865
  0.8089860111064275
  0.2661415026137695
  0.9413341154361778
  0.6128045385402209
  0.3160597951951487
  0.2411675573368903
  0.7046313644065227
  0.6160567366957969
  0.4375176900635862
  0.2117934722439438
  0.4933444690414431
  0.5080548996925095
  0.3977193242337199
  0.5840919546322939
  0.8776443824801097
 0.03840268254559355
  0.1619028489630068
  0.2556740746086852
  0.8996557881168873
  0.2243295910940087
  0.2721141940308026
   0.789695027503814
  0.4789388192601939
  0.3368064721415185
  0.2205569436589109
  0.6933099141381163
  0.3209569877360175
  0.4323977578658105
  0.8018065493180049
  0.7567797484358338
  0.9525477176346582
  0.6673065463236034
   0.820538247649556
  0.8964267856691144
  0.1797572751801624
   0.634177959101118
  0.7340250625778039
   0.328367438507209
  0.1401266958406704
  0.7623488508018989
 0.06401051571646513
  0.9361279504063236
  0.3226941919990773
  0.7522102356807962
   0.847308254795461
  0.6004442251944984
  0.6594910468241392
   0.633783170745996
   0.932068620616227
  0.2584019519472063
  0.3821687839727174
  0.3906316985158368
  0.6791696696385882
  0.8938832934951384
   0.141410132208741
  0.1569167031502085
  0.2652430625006294
  0.7096094653704189
  0.9884628150907256
  0.5430174429617404
  0.7358904162029623
  0.8640413552907621
  0.4636783605228805
  0.1974913306031452
  0.2075863898111489
  0.8534125755785477
  0.6422968062821883
  0.6959247512166444
  0.4212220682066408
  0.3840216715883994
  0.7641515855731094
   0.952070576667703
  0.3061967378747202
  0.9997296788880329
   0.985077780955631
 0.07446076468316856
  0.7866183023965607
  0.2822752369008323
  0.6167651800370003
  0.8842178312083223
  0.9390305045904431
  0.3306380885261983
  0.3537575890868391
  0.6510046833743567
  0.2613872975593915
  0.0530154753475121
  0.2530608470159161
  0.2179149066447044
  0.3831804141745051
   0.443623921024676
  0.4730186212934741
  0.7455516552098257
  0.4127196179552127
  0.2350070782363128
  0.2775568354396152
  0.1924259952893342
  0.8894157068295054
   0.630995838610773
  0.8174009903303696
  0.3274167263480759
  0.3823698204216939
  0.1923853277881597
 0.08742170609929464
  0.8579585305354684
  0.3385881266498187
  0.2901642540804477
  0.3481102643051961
  0.4505520877515263
   0.938894174090023
  0.4887453899317099
  0.8570175920634314
  0.5176947123565522
  0.3894223469231718
  0.9113166482496939
  0.7351878472837751
  0.5506831558457327
   0.905114727235988
   0.561591004769711
  0.3001559950834932
  0.7659892003947351
  0.7639866815678863
  0.2843135655734722
  0.2390671501174649
  0.7690165490381939
  0.3806084763814339
  0.0556585397640005
 0.05600258800523449
  0.4335139402359389
  0.9070500913597231
  0.4087799213298269
  0.4887488619209584
0.003859947156840818
  0.2101909981173152
  0.2929979288052247
  0.6303775602899431
  0.9920522185244907
  0.2297256668931072
  0.5568141649118431
   0.502756553271878
  0.4413429145031502
  0.8118133728980993
  0.5055490248298368
 0.08373705127726365
  0.4873908696978552
  0.9268948375684802
  0.5520256096189332
  0.4450116610057124
  0.3317762746233229
  0.6164045564751051
   0.591559597369731
  0.7446182597169896
  0.9820221217077578
  0.2015091198784363
  0.4520569948090151
  0.9124421800560539
  0.2294027706663635
   0.754393088232332
  0.6717244228597429
  0.9063665894806422
   0.929435577871682
  0.1798081482702192
  0.3343292637667423
  0.1643250198879051
   0.654964858119237
  0.8912455858000028
  0.5747471288139523
 0.08891765169011887
  0.8914442389777905
   0.537254217332122
  0.1244054608694214
 0.01585106991926929
  0.2768273634871212
  0.5816886496908795
 0.04488753333861374
  0.9135956530094199
  0.8665094989325467
   0.431353610123203
  0.6841440493698638
  0.4798258975597523
   0.119600196874907
  0.5488647996912714
0.009781900298960703
  0.6396050264997344
  0.2606508102785545
  0.9969820202978534
 0.07262259942145824
 0.05197428943198165
  0.3867501367782726
  0.2180636520010761
  0.2424491581621917
  0.4803329733363715
  0.2844603130464809
  0.7962516528578844
  0.1748489496245326
  0.0339283534738842
  0.6264319508020649
  0.3726786446118861
  0.8817711703569686
  0.9426902220612866
 0.02410083201352431
  0.9289347317137701
  0.8728762959271015
  0.2731444620229556
  0.6346006169865666
   0.450019642936403
   0.522093605088523
  0.9566993012196945
  0.2919505619890812
  0.8526691193533358
  0.7810696950255668
  0.8701978235046074
  0.8350141000977022
  0.0990140566569833
   0.931723749493068
   0.312661999504624
  0.7203761797906135
  0.8585582741512733
  0.7814169909842281
  0.5434485966386031
  0.5768810389745368
 0.05793048453722244
  0.3808446419936888
   0.805849564335096
  0.6789524828841612
  0.1582618970270752
  0.4861294316221715
   0.417240671798208
  0.3558010251965081
